f_score = 0.4736842105263158
precision = 0.5
recall = 0.45
test_accuracy = 0.9
test_loss = 0.5209519863128662
train_loss = 0.00013991627201903611
